Skyworth TV
./ir.sh

Power 
     4475     4492      548      552      559     1707
      524     1713      519     1714      520      556
      555      549      552      543      560      574
      526      547      560     1702      524     1715
      523     1711      525      549      555      545
      589      515      557      550      555      543
      588      518      580     1685      550     1681
      554      521      591      513      558      546
      578      519      588     1680      525     1706
      557      516      584      526      579     1682
      552     1682      552     1685      542     1684
      528    48222

     4527     4469      555     1703      530    96161

     4492     4502      552     1707      521    96158

     4501     4495      554     1707      520    96161

     4466     4530      513     1743      487    96195

     4463     4531      535     1750      480    96205

     4481     4512      573     1688      504    96198

     4438     4536      501     1754      504    96203

     4505     4468      578     1680      563   131607-pulse

1
     4497     4508      537      556      552     1721
      510     1708      531     1711      518      548
      563      538      564      542      557      547
      554      551      551     1708      543     1699
      523     1731      511      539      585      516
      586      524      554      546      578     1682
      526      545      562      546      588      505
      562      542      568      542      585      518
      584      516      605      508      582     1688
      548     1682      540     1682      560     1703
      524     1677      555     1683      554     1677
      572    48205

     4507     4490      550     1680      557    96123

     4537     4475      562     1694      583    96097

     4533     4444      590     1667      556    96124

     4541     4460      573     1676      550   132145-pulse

2
     4525     4466      582      546      559     1676
      559     1676      560     1676      560      545
      557      547      558      546      555      524
      581      548      558     1678      558     1677
      558     1679      558      547      559      544
      557      547      560      545      558      546
      557     1681      555      546      558      546
      558      548      554      548      555      550
      554      549      556     1680      557      548
      555     1680      553     1682      555     1681
      551     1681      553     1683      553     1686
      549    48219

     4519     4478      576     1684      525    96193

     4521     4477      575     1687      549    96176

     4512     4505      548     1686      548    96175

     4524     4469      576     1685      549    96199

     4492     4475      576     1684      555    96188

     4523     4468      577     1686      549   131166-pulse

3
     4525     4462      590      514      588     1674
      560     1675      560     1675      564      544
      557      517      585      519      586      518
      590      541      559     1675      561     1676
      559     1682      556      547      559      544
      558      542      559      546      559     1678
      556     1684      552      544      560      544
      560      544      559      545      558      546
      560      544      558      547      556      545
      559     1676      562     1673      559     1678
      560     1675      558     1681      557     1690
      531    48211

     4525     4467      578     1681      557    96179

     4499     4466      583     1677      559    96149

     4528     4466      583     1676      560    96152

     4525     4464      586     1675      560    96150

     4532     4460      584     1674      561   132646-pulse

4
     4522     4467      581      515      594     1670
      560     1677      558     1675      560      518
      591      523      576      517      587      515
      587      521      583     1676      559     1679
      556     1676      558      522      583      520
      583      546      559      529      600      499
      585      540      554     1677      569      513
      583      520      581      546      558      521
      583      547      559     1674      562     1673
      559      545      559     1678      557     1676
      559     1680      558     1683      555     1675
      554    48227

     4502     4467      580     1677      559    96170

     4498     4467      583     1676      559    96142

     4527     4465      585     1676      559    96141

     4529     4490      559     1674      560    96141

     4528     4462      585     1676      560   129475-pulse

5
     4514     4464      585      516      589     1676
      558     1675      561     1675      560      518
      585      516      593      516      583      459
      645      516      587     1678      556     1676
      561     1675      559      518      586      515
      590      515      588      516      587     1690
      552      518      578     1685      552      518
      609      509      571      515      587      518
      585      519      587      544      558     1679
      559      516      583     1682      554     1679
      556     1680      566     1672      555     1680
      555    48198

     4533     4456      585     1675      560    96142

     4525     4468      580     1676      559    96149

     4519     4463      585     1676      558    96172

     4495     4462      586     1677      559    96144

     4523     4464      584     1676      559    96164

     4522     4461      587     1674      561    96145

     4522     4462      586   132827-pulse

6
     4519     4490      557      519      585     1677
      559     1674      561     1674      560      518
      585      522      590      514      581      517
      587      518      587     1679      556     1676
      561     1673      559      546      560      544
      564      539      559      545      559      545
      560     1674      560     1680      562      540
      560      541      559      545      560      544
      559      518      585     1676      561      542
      561      545      583     1649      559     1679
      556     1676      561     1674      586     1651
      557    48212

     4525     4457      583     1689      551    96133

     4523     4461      587     1677      560    96142

     4522     4462      585     1676      560    96136

     4526     4459      588     1676      558    96140

     4524     4464      583     1677      559    96155

     4525     4491      558     1677      558   130372-pulse

7
     4523     4465      583      518      586     1676
      561     1674      560     1675      563      544
      559      516      588      516      588      520
      585      515      587     1674      561     1675
      561     1674      566      514      593      507
      592      542      559      518      584     1677
      559     1676      558     1678      560      516
      593      512      585      545      560      517
      586      519      584      547      556      542
      558      549      556     1675      559     1682
      554     1679      554     1683      553     1684
      554    48207

     4533     4463      577     1677      557    96136

     4526     4463      587     1674      560    96165

     4507     4455      584     1675      561    96134

     4528     4490      559     1675      560    96141

     4522     4462      586     1675      559    96157

     4526     4462      583     1676      558   132697-pulse

8
     4527     4464      586      518      586     1677
      559     1676      560     1675      560      545
      560      517      586      546      558      547
      558      521      584     1675      560     1676
      560     1675      561      545      566      544
      559      537      566      517      581      545
      558      546      559      545      560     1678
      563      516      583      524      582      547
      600      499      562     1681      554     1679
      553     1676      563      543      560     1676
      563     1678      555     1680      561     1672
      557    48216

     4561     4459      575     1656      560    96162

     4529     4462      587     1676      560    96166

     4527     4466      584     1675      561    96162

     4529     4466      582     1678      560    96164

     4523     4469      581     1681      558   129851-pulse

9
     4413     4532      517      584      522     1743
      490     1746      491     1746      491      584
      523      581      545      560      545      557
      521      582      522     1743      490     1745
      491     1745      492      584      545      559
      547      558      544      561      549     1718
      487      584      521      582      549     1721
      487      583      546      557      549      555
      544      563      543      559      545     1718
      518     1719      493      582      550     1719
      490     1744      492     1752      485     1744
      492    48278

     4463     4542      528     1718      494    96227

     4459     4530      519     1744      492    96224

     4462     4537      513     1746      491    96235

     4453     4534      514     1747      488    96231

     4457     4533      518     1746      489   131506-pulse

0
     4527     4492      559      519      581     1681
      556     1680      553     1682      559      526
      577      547      555      551      552      553
      558      546      557     1678      552     1684
      558     1683      550      554      550      549
      558      552      551      546      551      552
      555      550      551      553      550      557
      550      551      553      552      554      550
      555      546      555     1694      545     1678
      551     1704      540     1676      551     1683
      555     1681      554     1685      549     1682
      553    48221

     4528     4466      566     1694      546    96166

     4516     4476      575     1685      552    96162

     4518     4478      573     1684      554    96189

     4486     4479      572     1688      549   132883-pulse

INFO
     4484     4504      543      554      556     1708
      520     1717      518     1716      521      558
      556      545      559      544      554      550
      555      547      557     1708      524     1713
      522     1712      521      555      557      547
      557      547      575      535      555      552
      551     1701      543     1702      515      550
      555     1708      526      551      558      544
      562      549      550     1709      526      549
      562      543      557     1706      527      549
      556     1709      526     1712      526     1709
      525    48242

     4496     4500      546     1718      518    96183

     4488     4532      514     1718      520    96215

     4464     4503      547     1715      521    96187

     4493     4501      547     1715      523    96215

     4498   131955-pulse

AD
     4474     4513      538      563      541     1723
      513     1723      511     1725      512      564
      540      563      541      564      539      566
      536      566      538     1726      511     1725
      509     1727      510      565      546      566
      536      561      537      567      537     1725
      509     1729      506     1731      507      567
      535      569      535     1734      483     1747
      485      589      516      590      513      588
      517      588      516     1750      504     1730
      506      575      510      587      523     1744
      492    48263

     4460     4542      509     1747      488    96225

     4487     4501      546     1715      521    96187

     4499     4495      554     1706      530    96177

     4529     4468      581     1677      559   132048-pulse

Input
     4446     4516      535      563      540     1725
      511     1724      512     1723      511      565
      540      564      544      562      537      564
      541      563      540     1726      509     1724
      512     1723      511      566      544      562
      559      545      537      570      540     1733
      498     1731      502     1734      505     1721
      511      564      540      564      539      564
      541      563      542      562      539      565
      540      565      539      569      534     1728
      506     1730      519     1714      516     1729
      500    48262

     4473     4519      528     1726      507    96221

     4451     4514      535     1726      510    96197

     4476     4515      535     1725      511    96194

     4481     4510      538     1725      510    96195

     4480     4513      534     1727      508    96228

     4486     4503      549     1713      529   130421-pulse

TEXT
     4525     4463      582      518      586     1677
      558     1677      557     1678      564      516
      558      542      588      516      587      520
      582      521      559     1702      559     1676
      557     1678      558      518      587      517
      586      518      602      503      585     1676
      559     1684      554      513      588     1675
      559      523      583     1674      562      514
      585     1676      560      521      583      521
      582     1677      560      520      582     1679
      557      519      588     1678      554      519
      583    48229

     4503     4462      586     1675      561    96145

     4530     4463      585     1674      561    96144

     4528     4463      586     1675      560    96144

     4527     4467      582     1676      557    96149

      437   131614-pulse

FAV
     4525     4464      588      516      587     1675
      560     1676      560     1674      561      544
      560      520      581      518      587      545
      558      547      557     1676      561     1676
      559     1676      560      545      562      546
      560      538      565      540      558     1677
      558      546      559     1683      553     1678
      557      546      558     1676      559      545
      564     1675      554      545      557     1677
      556      548      557      546      558     1679
      557      546      556     1682      553      547
      559    48207

     4530     4463      579     1680      555    96151

     4523     4464      587     1674      558    96147

     4521     4471      579     1680      553   129639-pulse

User
     4449     4531      517      613      491     1743
      494     1743      489     1744      493      611
      492      618      488      611      491      612
      491      612      496     1739      492     1744
      491     1744      493      611      492      612
      491      613      492      612      492     1758
      482      607      492      611      492     1756
      484     1738      516      588      493     1749
      491      610      495      609      488     1750
      486     1740      494      610      494      611
      492     1742      497      612      489     1750
      507    48256

     4460     4527      538     1721      517    96185

     4483     4507      540     1719      518    96189

     4480     4510      540     1719      518    96190

     4479     4532      515     1718      497    96208

     4458     4530      520     1742      492   129941-pulse

Speaker
     4453     4531      516      614      488     1746
      491     1746      488     1746      490      620
      487      611      489      614      490      618
      487      612      490     1745      491     1746
      489     1745      491      615      489      611
      493      613      496      610      498     1745
      479      614      491      613      491      621
      483      613      489      625      484      611
      489     1751      485      619      483     1747
      487     1756      481     1744      490     1748
      488     1745      516     1719      490      613
      491   132540-pulse

Setting
     4437     4536      513      616      489     1746
      488     1748      488     1751      487      612
      488      616      486      616      492      615
      487      614      489     1747      487     1747
      490     1746      489      615      490      613
      502      607      486      619      481      615
      488      591      513      625      481      617
      485     1745      490      614      489      614
      490      598      511     1748      482     1751
      505     1723      492     1754      509      571
      508     1746      520     1713      509     1739
      495    48256

     4492     4501      525     1700      513    96211

     4481     4509      515     1744      512    96187

     4458     4535      514     1746      489    96210

     4457     4562      488     1745      489    96212

     4457     4534      514     1745      491    96231

     4457     4531      517     1746      491   131687-pulse

Up
     4505     4474      577      552      550     1684
      553     1683      545     1688      551      554
      549      554      554      550      552      557
      548      551      551     1684      554     1681
      555     1681      548      556      544      559
      556      551      548      557      550      527
      575     1685      570      541      543      556
      547      554      546      556      555     1680
      555      555      546     1691      545      550
      551     1685      552     1682      550     1685
      548     1691      550      549      553     1685
      549    48317

     4426     4493      551     1678      547    96155

     4516     4472      580     1680      555    96142

     4529     4463      583     1679      559    96143

     4519     4472      575     1684      551    96148

     4520     4470      574     1687      546    96173

     4524     4466      584     1677      555   132415-pulse

Down
     4489     4505      519      610      494     1742
      516     1718      519     1717      519      585
      519      588      517      587      515      587
      518      587      520     1714      518     1718
      520     1716      518      586      517      586
      516      590      524      585      509     1719
      520     1714      518      588      491      611
      519      584      520      586      520     1714
      519      586      519      589      514      585
      517     1717      521     1715      519     1724
      511     1716      519      585      520     1725
      510    48241

     4500     4493      543     1718      516    96187

     4482     4506      542     1717      519    96190

     4479     4505      539     1718      519   129983-pulse

Left
     4449     4533      516      612      490     1746
      491     1745      490     1744      490      620
      485      615      487      616      489      613
      493      611      490     1745      490     1746
      489     1745      491      613      491      613
      492      613      491      634      476      623
      479      611      488     1751      484      613
      514      589      512      593      519     1717
      512      591      514     1725      511     1722
      517      593      512     1716      518     1724
      506     1715      517      591      512     1721
      514    48257

     4471     4510      538     1722      514    96184

     4482     4507      538     1723      513    96188

     4457     4533      515     1743      492   132861-pulse

Right
     4474     4513      513      617      487     1747
      489     1747      488     1748      487      616
      489      615      509      597      487      616
      488      616      487     1748      487     1747
      490     1747      487      618      486      616
      488      597      514      615      511     1724
      484      590      515     1746      511      593
      486      617      489      616      491     1721
      509      593      514      590      511     1754
      481      589      538     1724      512     1723
      488     1750      486      596      508     1750
      508    48252

     4490     4511      507     1747      488    96210

     4457     4532      515     1747      488    96208

     4460     4559      487     1747      488   131214-pulse

OK
     4527     4459      584      545      557     1678
      558     1675      561     1675      558      547
      558      518      588      520      582      518
      584      545      561     1678      556     1675
      563     1673      561      544      565      539
      559      543      560      546      558      520
      585     1689      546     1675      565      539
      563      542      555      545      558     1676
      561      542      567     1680      550      548
      553      546      558     1677      560     1674
      604     1638      557      522      580     1686
      548    48220

     4510     4468      581     1678      558    96138

     4525     4465      583     1679      557    96146

     4521     4490      558     1678      558   130396-pulse

Back
     4528     4463      587      517      586     1675
      560     1675      560     1675      561      514
      590      518      584      516      591      514
      587      518      586     1675      560     1675
      561     1675      559      545      583      495
      585      519      586      524      582      521
      581      515      588     1675      560      491
      611      546      560     1675      560     1675
      559      518      586     1676      561     1674
      560      516      588     1678      557     1676
      559      523      579      522      583     1682
      553    48205

     4528     4464      579     1674      560    96140

     4524     4463      587     1674      561    96138

     4526     4462      586     1674      561   131600-pulse

Home
     4455     4530      517      612      494     1740
      494     1743      490     1744      493      611
      493      610      492      612      491      615
      488      613      492     1743      494     1741
      493     1742      492      614      491      621
      485      610      525      582      488      616
      513      595      487      611      495     1740
      490     1744      497     1741      495     1736
      516      590      491     1739      517     1718
      519     1718      515      588      516      587
      517      593      513      590      512     1718
      493    48271

     4480     4508      516     1742      516    96183

     4457     4529      520     1742      493    96213

     4476     4510      514     1743      516   132215-pulse

TV
     4516     4475      545      585      519     1715
      544     1691      544     1692      546      534
      571      556      552      554      545      558
      543      534      545     1717      546     1688
      546     1690      549      557      549      556
      546      562      545      554      552      556
      545      557      549     1689      550      525
      594     1668      546     1687      546      556
      550     1686      554     1686      543     1687
      554      552      546     1689      552      551
      552      554      549     1687      553      549
      543    48214

     4523     4477      570     1684      548    96147

     4519     4469      578     1683      554    96146

     4515     4469      574     1689      550    96149

     4511     4476      571     1691      545    96151

     4487     4531      546     1689      544   130954-pulse

Exit
     4493     4465      584      516      587     1675
      560     1676      559     1675      559      521
      591      512      585      518      585      545
      564      510      589     1674      561     1675
      560     1679      561      518      586      515
      584      547      564      517      585     1680
      549      524      582     1683      553      540
      559     1676      584     1654      564      544
      561     1676      553      541      559     1678
      560      542      557     1683      553      544
      559      545      558     1682      554      546
      556    48208

     4519     4466      580     1678      556    96146

     4523     4463      582     1678      560    96145

     4519     4464      583     1677      558    96146

     4518     4464      576     1685      550   129093-pulse

Mute
     4448     4531      516      586      520     1745
      488     1746      489     1748      489      585
      518      585      520      585      523      580
      519      584      522     1745      486     1745
      491     1744      492      585      530      573
      521      583      520      584      547     1718
      490      582      534     1742      480     1747
      489      585      542      558      547      557
      544      559      546      558      551     1724
      507      558      546      555      552     1720
      492     1746      510     1716      520     1721
      510    48249

     4494     4521      519     1715      521    96175

     4519     4467      577     1682      554    96146

     4520     4472      553     1704      530    96172

     4521     4464      585     1674      561   131209-pulse

Vol+
     4500     4465      584      520      585     1676
      559     1677      559     1676      559      522
      582      521      584      520      584      520
      587      516      587     1676      558     1678
      559     1676      563      546      560      516
      587      540      560      543      558      523
      587      519      580     1675      560      522
      581     1676      558      548      558      545
      559      545      563     1679      552     1681
      558      543      571     1672      555      545
      555     1680      558     1674      558     1681
      555    48208

     4525     4467      581     1679      557    96164

     4522     4466      584     1676      560    96157

     4550     4442      581     1678      558    96156

     4461     4560      490     1744      492   132951-pulse

Vol-
     4457     4536      513      610      491     1746
      491     1741      492     1745      490      613
      491      614      492      612      492      612
      491      612      493     1744      491     1742
      496     1740      494      612      493      610
      494      610      493      612      516     1723
      513      587      516     1718      518      586
      519     1716      520      589      513      587
      518      584      519      586      520     1714
      519      587      517     1724      514      583
      521     1718      515     1722      513     1720
      517    48263

     4472     4504      544     1717      518    96193

     4493     4502      543     1717      521    96218

     4463     4503      546     1716      520    96194

     4485     4513      537     1716      493    96252

     4427   129968-pulse

FB
     4470     4502      544      556      555     1708
      522     1714      521     1725      513      556
      552      548      555      549      554      554
      554      546      556     1708      526     1709
      527     1712      527      548      553      550
      562      544      555      552      556      542
      560      544      560      542      557      546
      578      527      556      544      561     1705
      528      549      558     1711      520     1711
      520     1719      525     1707      530     1711
      517     1718      523      543      567     1695
      558    48217

     4532     4469      581     1670      558    96157

     4495     4493      556     1704      556    96162

     4494     4495      548     1712      525   132090-pulse

FF
     4489     4506      517      584      522     1742
      519     1716      493     1743      493      582
      549      556      546      558      547      556
      548      556      549     1715      518     1717
      493     1743      501      580      542      558
      548      557      549      553      548     1715
      493      583      548      555      549      556
      548      555      553      552      551     1713
      518      630      481      551      549     1714
      519     1717      519     1717      519     1717
      522     1723      513      552      553     1710
      525    48246

     4490     4550      492     1716      522    96188

     4490     4502      544     1718      519    96189

     4493     4507      513     1744      517    96196

     4483     4506      519     1742      517    96192

     4500     4492      552     1711      531   131924-pulse

RED
     4454     4530      516      585      521     1742
      492     1745      490     1744      493      583
      546      557      549      555      546      557
      546      558      548     1716      494     1746
      512     1719      517      558      548      556
      560      544      545      557      554      548
      550      553      549      567      545      552
      545      561      546     1711      519      556
      549     1728      546     1693      504     1713
      522     1714      520     1725      509     1718
      522      555      552     1711      521      566
      545    48259

     4466     4506      542     1716      519    96190

     4486     4505      519     1742      518    96226

     4451     4517      513     1737      491    96224

     4481     4535      515     1717      519   136443-pulse

GREEN
     4486     4504      546      556      551     1713
      493     1743      515     1720      518      558
      550      555      548      555      557      546
      550      554      552     1712      519     1717
      521     1715      518      558      551      554
      552      550      549      555      551     1716
      516      557      549      554      551      552
      553      551      551     1713      521      555
      550     1713      522      558      548     1712
      519     1717      522     1713      523     1716
      519      555      550     1713      521      556
      550    48239

     4497     4502      619     1643      514    96193

     4496     4506      534     1729      510    96233

     4469     4484      529     1730      515    96210

     4459     4502      545     1719      519    96197

     4484     4501      549     1721      524   129935-pulse

YELLOW
     4525     4465      586      517      586     1677
      559     1677      558     1676      560      518
      585      521      585      518      585      519
      586      519      586     1675      559     1677
      559     1675      560      520      583      518
      587      518      594      516      581      518
      586     1677      557      519      585      525
      581      545      557     1676      560      520
      584     1676      559     1685      550      521
      582     1686      550     1678      559     1679
      555      548      558     1680      556      544
      556    48209

     4526     4477      573     1681      553    96151

     4527     4464      586     1676      560    96152

     4523     4466      585     1676      559    96149

     4529     4465      584     1675      560    96147

     4515     4481      517     1742      517   129903-pulse


BLUE
     4523     4462      585      544      560     1674
      561     1675      559     1677      557      548
      560      520      583      544      556      523
      582      546      558     1676      558     1677
      554     1681      558      523      582      547
      554      548      557      548      556     1680
      555     1678      558      545      548      555
      554      550      550     1686      560      544
      554     1686      546      552      552      528
      571     1708      528     1687      546     1691
      550      554      549     1692      543      554
      546    48227

     4476     4509      517     1741      517    96224

     4481     4481      541     1717      520    96219

     4491     4497      549     1684      558    96148

     4520     4501      546     1686      549   129544-pulse

NETFLX
     4519     4476      572      555      549     1686
      555     1682      552     1684      557      547
      546      557      553      551      552      552
      549      555      550     1685      552     1683
      555     1681      557      554      543      554
      549      554      552      555      551     1682
      548      557      548     1685      550      555
      526     1710      525      580      547     1691
      546     1685      552      555      545     1686
      549      557      527     1707      548      559
      545     1690      551      551      548      557
      523    48242

     4518     4480      569     1683      552    96155

     4524     4469      582     1677      558    96152

     4525     4465      582     1678      559   132065-pulse

YouTube
     4513     4473      575      556      549     1684
      545     1693      546     1688      548      555
      553      554      547      553      551      554
      547      560      547     1685      552     1685
      548     1686      552      551      551      554
      552      551      559      551      544      556
      559      544      547      555      553      556
      553      556      547     1681      550     1681
      551     1689      562     1676      544     1683
      552     1729      506     1687      554     1680
      549      556      548      555      550      552
      552    48218

     4521     4471      568     1682      552    96156

     4523     4493      556     1678      558    96157

     4519     4464      586     1675      559    96152

     4522     4490      558     1676      559   129457-pulse

Prime Vide
     4431     4533      519      613      488     1746
      489     1745      494     1743      490      614
      492      612      491      612      492      613
      489      615      490     1745      492     1744
      492     1743      491      613      491      615
      489      613      492      624      479      613
      491     1746      489     1750      486      612
      491     1744      490      614      490     1745
      491     1749      485     1744      495      612
      489      613      492     1744      494      610
      490     1744      494      616      487      611
      490    48293

     4467     4531      509     1746      491    96214

     4462     4529      518     1744      492    96212

     4465     4531      515     1744      490    96222

     4460     4537      510     1747      484   130060-pulse

Custom
     4477     4510      515      614      491     1745
      489     1747      488     1768      468      615
      488      615      488      618      488      615
      489      590      513     1745      490     1749
      491     1754      484      613      514      586
      509      596      487      591      534      593
      495      611      488     1754      482     1750
      508     1733      485     1745      506     1731
      486      589      512     1745      489     1725
      511      590      525      575      518      590
      539      563      538      566      538     1699
      516    48275

     4485     4510      530     1700      512    96219

     4482     4507      540     1720      515    96188

     4484     4510      540     1719      518    96190

     4456     4558      491     1742      492    96218

     4451     4532      516     1747      488   131703-pulse
